# MJD Mag Magerr
5.824244607640000322e+04 1.940181540000000027e+01 3.972956079258494616e-02
5.825444590279999829e+04 1.929564480000000160e+01 3.677586489322545032e-02
5.826247387729999900e+04 1.923735239999999891e+01 3.526115717368875913e-02
5.826947613429999910e+04 1.913367459999999909e+01 3.274303311184321302e-02
5.827242656249999709e+04 1.924864579999999847e+01 3.554891215697228435e-02
5.827547690970000258e+04 1.927854160000000050e+01 3.632380565902659786e-02
5.827843351850000181e+04 1.923099140000000062e+01 3.510027475390895685e-02
5.828143252309999662e+04 1.925662990000000008e+01 3.575395919351279095e-02
5.828742851849999715e+04 1.928036690000000064e+01 3.637174509462799687e-02
5.829044731480000337e+04 1.919848250000000078e+01 3.429131602911758558e-02
5.829343427079999674e+04 1.927762029999999882e+01 3.629963448650394553e-02
5.829646957180000027e+04 1.935187720000000056e+01 3.830807400057124196e-02
5.829946859950000362e+04 1.906135940000000062e+01 3.111259018487057271e-02
5.830244497689999844e+04 1.932997699999999952e+01 3.770286901401759261e-02
5.830547329860000173e+04 1.916299439999999876e+01 3.343302974740267747e-02
5.831036423610000202e+04 1.918886949999999914e+01 3.405629735241767070e-02
5.831344759260000137e+04 1.920626640000000052e+01 3.448299994957519654e-02
5.831640949070000352e+04 1.914771839999999870e+01 3.307140975336030075e-02
5.831940784719999647e+04 1.928589440000000010e+01 3.651736772580572304e-02
5.832244980319999740e+04 1.920612140000000068e+01 3.447943584855530513e-02
5.832542565969999850e+04 1.927883909999999901e+01 3.633163446246518574e-02
5.832943165510000108e+04 1.928844259999999977e+01 4.805432991744366250e-02
5.833145391199999722e+04 1.926954650000000058e+01 3.608860780146833092e-02
5.833149275460000354e+04 1.924645040000000051e+01 4.659069630858005129e-02
5.833149321760000021e+04 1.929005809999999954e+01 4.811154956386270304e-02
5.833343070599999919e+04 1.930556299999999936e+01 4.866431600649830796e-02
5.833343116900000314e+04 1.911903759999999863e+01 4.242510727963971079e-02
5.833432262729999638e+04 1.924672130000000081e+01 3.549966358387620508e-02
5.833739106480000191e+04 1.924917410000000118e+01 3.556243338213145588e-02
5.833839177080000081e+04 1.922393609999999953e+01 4.582481962006739601e-02
5.834240577550000307e+04 1.924169919999999934e+01 3.537157401889138436e-02
5.834341373839999869e+04 1.914292139999999875e+01 3.295881183729110903e-02
5.834341468750000058e+04 1.919025419999999826e+01 3.409001743633482268e-02
5.834436255789999996e+04 1.917814639999999926e+01 3.379633817101716786e-02
5.834438795140000002e+04 1.919074630000000070e+01 4.471936571862362986e-02
5.834634416670000064e+04 1.922850040000000149e+01 3.503749441976267143e-02
5.834938263890000235e+04 1.915307620000000099e+01 3.319770807544702301e-02
5.835031196759999875e+04 1.922290990000000122e+01 4.579021699617662894e-02
5.835238679399999819e+04 1.922587389999999985e+01 3.497146082873749118e-02
5.836038550930000201e+04 1.925129889999999833e+01 4.675733443613735302e-02
5.836139068289999705e+04 1.915013310000000146e+01 3.312825003699124138e-02
5.836332729169999948e+04 1.934833150000000046e+01 5.022231640942381725e-02
5.836426527779999742e+04 1.924368480000000048e+01 3.542216340786594891e-02
5.836728917820000061e+04 1.932366560000000177e+01 3.753049101787468006e-02
5.837034449070000119e+04 1.929113389999999839e+01 3.665600979883957417e-02
5.837136895830000140e+04 1.932392880000000090e+01 4.932738601583018523e-02
5.837336733799999638e+04 1.937466620000000006e+01 3.894953588733023053e-02
5.837513622690000193e+04 1.931300740000000005e+01 3.724138736982740561e-02
5.837538594909999665e+04 1.931196209999999880e+01 3.721316737458635338e-02
5.837613435190000018e+04 1.927126690000000053e+01 3.613348100993446499e-02
5.837638445599999977e+04 1.929322050000000033e+01 3.671141444357266942e-02
5.837920754630000010e+04 1.928244019999999992e+01 4.784225749218935092e-02
5.837933937500000320e+04 1.931472970000000089e+01 3.728793854268529218e-02
5.838013321759999963e+04 1.929009059999999920e+01 3.662835881242534897e-02
5.838038303240000096e+04 1.929821589999999887e+01 3.684438509595733963e-02
5.838224517360000027e+04 1.923916439999999994e+01 3.530713940843050597e-02
5.838324243060000299e+04 1.922355080000000171e+01 4.581179619808217057e-02
5.838535015050000220e+04 1.947313690000000008e+01 4.186280246150064777e-02
5.838830673609999940e+04 1.946883959999999902e+01 4.173076957412918259e-02
5.838833278940000309e+04 1.923934560000000005e+01 4.634759328005082918e-02
5.838936163189999934e+04 1.926306530000000095e+01 4.716431490592876835e-02
5.839032957180000085e+04 1.945421980000000062e+01 5.429399168761697009e-02
5.840026120369999990e+04 1.936165809999999965e+01 3.858191793072712761e-02
5.842322609950000333e+04 1.941304209999999841e+01 4.005717616294141026e-02
5.842621796300000278e+04 1.948155209999999826e+01 4.212277210808151179e-02
5.842820740739999746e+04 1.942802999999999969e+01 5.325807487916713739e-02
5.842921943289999763e+04 1.946337700000000126e+01 4.156353874966788736e-02
5.843316347220000171e+04 1.955503849999999844e+01 4.446904503904680617e-02
5.843619005789999937e+04 1.937985610000000136e+01 3.909732120459822463e-02
5.844324898150000081e+04 1.939990999999999843e+01 5.216705097651774120e-02
5.846911159719999705e+04 1.960519980000000118e+01 4.615155775375111291e-02
5.847213571760000195e+04 1.942421149999999841e+01 4.038615603725353304e-02
5.848212217589999636e+04 1.963367649999999998e+01 4.713684571666799245e-02
5.848713523149999673e+04 1.959699630000000070e+01 4.587178169267581984e-02
5.849114072920000035e+04 1.951565929999999938e+01 4.319455591805753530e-02
5.849413491899999644e+04 1.953905869999999823e+01 4.394704311540435782e-02
5.860747692130000360e+04 1.979850009999999827e+01 5.328954275727553619e-02
5.861747104170000239e+04 1.979846380000000039e+01 5.328807289440948280e-02
5.862846474540000054e+04 1.993013189999999923e+01 5.878759390518886740e-02
5.863445121530000324e+04 1.996138189999999923e+01 6.017326637513157467e-02
5.863746905089999927e+04 1.993860439999999912e+01 5.916015623524874950e-02
5.864344765049999842e+04 1.998824120000000093e+01 6.138959278138773901e-02
5.864644546299999638e+04 1.988970180000000099e+01 5.704122867032596078e-02
5.865246513889999915e+04 1.992839239999999990e+01 5.871134495462792396e-02
5.865546822919999977e+04 2.007548519999999925e+01 6.550535899581499955e-02
5.865847383100000297e+04 2.037924960000000141e+01 8.188286555934605471e-02
5.866146707179999794e+04 2.002264600000000172e+01 6.298238538353204130e-02
5.866547241899999790e+04 1.993103599999999886e+01 5.882722243194826728e-02
5.866845200230000046e+04 2.012009619999999899e+01 6.770908598791819388e-02
5.867445878470000025e+04 2.016431049999999914e+01 6.996071288835370439e-02
5.867747892359999969e+04 2.009021570000000168e+01 6.622548530989946780e-02
5.868046939810000185e+04 1.987936399999999892e+01 5.660300680872815821e-02
5.868346483799999987e+04 2.007266999999999868e+01 6.536853977335237154e-02
5.868646594909999840e+04 2.006399730000000048e+01 6.494887833338984506e-02
5.869030641199999809e+04 1.993562509999999932e+01 5.902889515492894951e-02
5.869049659719999909e+04 1.988614270000000062e+01 7.421683880889699825e-02
5.869340723379999690e+04 1.997828099999999907e+01 6.093579767075176651e-02
5.869640796299999784e+04 2.011968040000000002e+01 6.768828128007008116e-02
5.869943331020000187e+04 1.999410250000000033e+01 6.165818411024093920e-02
5.870440510419999919e+04 2.013791080000000022e+01 8.823280466255405130e-02
5.870440555560000212e+04 1.996377370000000084e+01 7.836347772965493452e-02
5.870540755789999821e+04 2.004905700000000124e+01 6.423169174503749745e-02
5.870839502309999807e+04 1.982756039999999942e+01 7.119886605459950502e-02
5.870839547450000100e+04 1.998960110000000157e+01 7.977920591475332057e-02
5.870844434029999684e+04 2.026119609999999938e+01 7.513289493681739317e-02
5.871247024309999688e+04 2.012907600000000130e+01 6.816098980004653418e-02
5.871738467590000073e+04 2.012889669999999853e+01 6.815184917210748150e-02
5.871743504630000098e+04 2.017336849999999870e+01 9.032845137310237249e-02
5.871743549769999663e+04 2.024021150000000091e+01 9.434548893457730956e-02
5.871843761570000061e+04 2.013404459999999929e+01 8.800599662695456071e-02
5.872240753470000345e+04 2.008580969999999866e+01 6.600930360429697885e-02
5.872340495370000281e+04 2.008695790000000159e+01 6.606562755855627245e-02
5.872342322920000151e+04 2.008343890000000087e+01 8.506673334268451125e-02
5.872342368059999717e+04 2.016208650000000091e+01 8.965884317162894912e-02
5.872532234949999838e+04 2.017820359999999980e+01 7.068218263461174822e-02
5.872542576389999886e+04 2.016694259999999872e+01 8.994676927475349359e-02
5.872542621530000179e+04 1.997253800000000012e+01 7.884189698541760327e-02
5.872642819440000312e+04 2.005384249999999824e+01 8.337539119773555718e-02
5.872642864579999878e+04 2.008415409999999923e+01 8.510786362282578288e-02
5.872738548609999998e+04 2.007693480000000008e+01 6.557590753434873465e-02
5.873030619209999713e+04 2.004745099999999880e+01 6.415512148515518931e-02
5.873030709490000299e+04 1.992564390000000074e+01 5.859115794431896812e-02
5.873238855319999857e+04 2.008139609999999919e+01 6.579343267212481305e-02
5.873439057869999669e+04 2.001714709999999897e+01 6.272511575348445334e-02
5.873449636569999711e+04 1.996867560000000097e+01 7.863080439802996868e-02
5.873540637730000162e+04 2.023957060000000041e+01 7.394977518424455942e-02
5.873644704859999911e+04 2.021748159999999928e+01 7.275848410570832925e-02
5.873644979169999715e+04 1.996581270000000075e+01 6.037229960991944561e-02
5.873744369210000150e+04 1.988768200000000164e+01 7.429742352610814449e-02
5.873747237270000187e+04 2.034083940000000013e+01 7.963251873431652361e-02
5.873919833330000256e+04 1.982619670000000056e+01 5.440181387519670009e-02
5.874019810190000135e+04 1.980460739999999831e+01 5.353280912747120784e-02
5.874119497689999844e+04 1.988106159999999889e+01 5.667474074106986642e-02
5.874319554400000197e+04 2.022005079999999921e+01 7.289610405588999031e-02
5.874419454859999678e+04 1.982725519999999975e+01 5.444479316886010473e-02
5.874519467589999840e+04 2.017277149999999963e+01 7.039933511381102349e-02
5.874719457179999881e+04 2.020335010000000153e+01 7.200517213901193314e-02
5.874819344909999927e+04 2.022238349999999940e+01 7.302139064959417558e-02
5.874919523150000168e+04 2.002842899999999915e+01 6.325389543704593165e-02
5.875019553240000096e+04 2.017201229999999867e+01 7.035980664266117124e-02
5.875119315970000025e+04 2.016435050000000118e+01 6.996280967209195234e-02
5.875126920139999856e+04 2.004216770000000025e+01 8.271419615274468173e-02
5.875716648149999673e+04 2.025206379999999839e+01 7.463120550399265918e-02
5.875718237270000100e+04 2.018377489999999952e+01 9.094837895923643667e-02
5.875718724539999675e+04 2.008365440000000035e+01 8.507906669916195930e-02
5.875737895830000343e+04 2.018327139999999886e+01 7.094708583591563533e-02
5.875820966439999756e+04 2.006754300000000057e+01 6.512014730325715872e-02
5.876019402779999655e+04 2.021484179999999853e+01 7.261715467335258523e-02
5.876119304399999965e+04 2.024015239999999949e+01 7.398138002893647758e-02
5.876219223380000039e+04 2.010917470000000051e+01 6.716326849575333935e-02
5.876226401620000252e+04 2.012302779999999913e+01 8.736119231715158695e-02
5.876226446759999817e+04 2.008283039999999886e+01 8.503177256920907423e-02
5.876433890049999900e+04 2.007664869999999979e+01 6.556197802573410227e-02
5.876436796299999696e+04 2.003080750000000165e+01 8.207395409589390844e-02
5.876436841439999989e+04 2.019778439999999975e+01 9.178623685533218723e-02
5.876528537040000083e+04 2.020677759999999878e+01 9.232603297970183587e-02
5.876625864580000052e+04 1.985604289999999850e+01 7.265404372702029268e-02
5.877219138889999886e+04 1.993713759999999979e+01 7.692211833795208065e-02
5.877219184030000179e+04 2.011927800000000133e+01 8.714231306988953762e-02
5.877418759259999933e+04 2.016938779999999909e+01 7.022366178793575109e-02
5.878118774310000299e+04 1.993725969999999847e+01 5.910087141276457179e-02
5.878118910879999748e+04 2.016886709999999994e+01 9.006096631280834097e-02
5.878118956020000041e+04 1.990763469999999913e+01 7.534824996388200802e-02
5.878224986109999736e+04 2.013638690000000153e+01 8.814335848316107169e-02
5.878225031250000029e+04 2.021614070000000041e+01 9.288959920562786521e-02
5.878318929400000343e+04 2.034767529999999880e+01 1.009490354203917695e-01
5.878318974539999908e+04 2.019100570000000161e+01 9.138039433248373866e-02
5.878522427079999761e+04 2.008579830000000044e+01 6.600883995438054652e-02
5.879116070600000239e+04 2.017020420000000058e+01 9.014041329520856849e-02
5.879116115739999805e+04 2.032343290000000025e+01 9.944701687346485519e-02
5.879116252309999982e+04 1.994065090000000140e+01 5.925051380457199007e-02
5.879117218750000029e+04 2.000730709999999846e+01 6.226741154443005133e-02
5.879320756940000138e+04 2.016863629999999930e+01 9.004722652094311608e-02
5.879320803239999805e+04 2.020414350000000070e+01 9.216775066226713664e-02
5.879417391199999838e+04 2.008215709999999987e+01 6.583059042636937863e-02
5.879515217590000248e+04 2.013668630000000093e+01 6.854609606298329993e-02
5.879516307870000310e+04 2.010181240000000003e+01 8.612706400270429830e-02
5.879615667820000090e+04 2.012234499999999926e+01 6.782195522085932016e-02
5.879619656250000116e+04 1.993968200000000124e+01 7.705901138236267989e-02
5.879619701389999682e+04 2.004994770000000059e+01 8.315448891797254383e-02
5.879716329859999678e+04 1.990437890000000110e+01 5.766918510040699997e-02
5.879717400459999772e+04 2.016955379999999920e+01 7.023219126348380359e-02
5.879718067129999690e+04 2.019794459999999958e+01 9.179581532379013642e-02
5.879718112269999983e+04 2.016572000000000031e+01 8.987420314844100921e-02
5.880618410880000010e+04 2.045741269999999901e+01 8.662323234578152287e-02
5.881118060189999960e+04 2.023477550000000136e+01 7.368971333093943255e-02
5.883111315969999850e+04 2.012809939999999997e+01 6.811167270830335851e-02
5.885015126160000364e+04 1.983441540000000103e+01 5.473641249070280990e-02
5.885609298609999678e+04 2.022844309999999979e+01 7.334748071991295526e-02
5.885908334489999834e+04 2.017489810000000006e+01 7.050997059643038245e-02
5.886212170139999944e+04 2.028114700000000070e+01 7.623897045583247212e-02
5.887513853009999730e+04 2.033423810000000032e+01 7.925098442128490628e-02
5.898745116899999994e+04 2.040870089999999948e+01 8.364377711206882893e-02
5.899247048609999911e+04 2.043815989999999871e+01 8.543569741846696042e-02
5.899642243060000328e+04 2.032144930000000116e+01 7.851630683959312518e-02
5.900244645830000081e+04 2.055232619999999955e+01 9.174205682364364178e-02
5.902238825229999929e+04 2.065530589999999833e+01 9.654536459888610200e-02
5.902534635420000268e+04 2.047360039999999870e+01 8.763180632495234934e-02
5.902838912040000287e+04 2.070899010000000118e+01 9.904939305273412209e-02
5.904046600690000196e+04 2.056605910000000037e+01 9.238260435062388420e-02
5.904337063659999694e+04 2.046316149999999823e+01 8.698030076418407364e-02
5.904637179399999877e+04 2.064672279999999915e+01 9.614505377238687089e-02
5.904649114579999878e+04 2.033480450000000062e+01 7.928358557943152030e-02
5.904944644680000056e+04 2.048467829999999879e+01 8.832715038483386627e-02
5.905244405089999782e+04 2.054219249999999874e+01 9.126942170135110555e-02
5.905249427080000169e+04 2.053000259999999955e+01 9.070086118022956112e-02
5.905338386570000148e+04 2.057737350000000021e+01 9.291036763889810868e-02
5.905539863429999969e+04 2.047253040000000013e+01 8.756481927114342922e-02
5.905741427079999994e+04 2.057813069999999911e+01 9.294568620840480688e-02
5.905940128469999763e+04 2.062678149999999988e+01 9.521495733221922719e-02
5.906245421299999725e+04 2.044433210000000045e+01 8.581504040758367036e-02
5.906740975690000050e+04 2.049429320000000132e+01 8.893421287019102894e-02
5.906844466439999815e+04 2.039310460000000091e+01 8.270739519972322706e-02
5.906937519679999969e+04 2.027182009999999934e+01 7.572012731960293952e-02
5.907034089120000135e+04 2.055456159999999954e+01 9.184632820381098683e-02
5.907143313659999694e+04 2.061058039999999991e+01 9.445926382988380221e-02
5.907238694440000108e+04 2.059568790000000149e+01 9.376459929961900031e-02
5.907336354169999686e+04 2.053201479999999890e+01 9.079468010795738175e-02
5.907539269680000143e+04 2.045749280000000070e+01 8.662824785418046791e-02
5.907734420140000293e+04 2.050460819999999984e+01 8.951636610496729873e-02
5.907738483799999813e+04 2.041980930000000072e+01 8.431586089438319886e-02
5.908040361110000231e+04 2.054680630000000008e+01 9.148462399335097195e-02
5.908130175929999677e+04 2.069812010000000058e+01 9.854236637792498921e-02
5.908435909720000200e+04 2.037072369999999921e+01 8.137884196703662476e-02
5.908534262730000046e+04 2.070586589999999916e+01 9.890364915274341140e-02
5.908830432869999640e+04 2.072669979999999867e+01 9.987547125696207007e-02
5.908927103009999701e+04 2.052496719999999897e+01 9.046601899738221375e-02
5.909040481480000017e+04 2.051738359999999872e+01 9.011223791840540509e-02
5.909226989579999645e+04 2.045786289999999852e+01 8.665118639816217494e-02
5.909340561339999840e+04 1.993767929999999922e+01 5.911936331575277231e-02
5.909734370369999669e+04 2.023016360000000091e+01 7.344037263065064658e-02
5.910735451389999798e+04 2.064977460000000065e+01 9.628742548013807800e-02
5.910930108800000016e+04 2.066394419999999954e+01 9.694828818494181932e-02
5.911227920140000060e+04 2.076860429999999980e+01 1.018299893534805045e-01
5.911230836809999892e+04 2.062991519999999923e+01 9.536112196074474079e-02
5.911623914350000268e+04 2.077464489999999842e+01 1.021117827194918393e-01
5.911724310189999960e+04 2.070555500000000038e+01 9.888915063530195892e-02
5.911836807869999757e+04 2.074168399999999934e+01 1.005743501436427434e-01
5.912929851849999977e+04 2.057607840000000010e+01 9.285001324669669986e-02
5.913126781250000204e+04 2.053259089999999887e+01 9.082156925752556120e-02
5.913423987270000362e+04 2.093672940000000082e+01 1.096719159868175114e-01
5.913624461809999775e+04 2.065074919999999992e+01 9.633285991925645553e-02
5.913822410880000098e+04 2.077725600000000128e+01 1.022335875194054777e-01
5.914018515050000133e+04 2.057863619999999827e+01 9.296928872565403401e-02
5.915515293979999842e+04 2.071047589999999872e+01 9.911868244622257240e-02
5.916420390049999696e+04 2.070111470000000153e+01 9.868204118041276618e-02
5.916921763890000148e+04 2.108870509999999854e+01 1.167605942930684398e-01
5.917117782409999927e+04 2.070268820000000076e+01 9.875546078461014399e-02
5.917317504629999894e+04 2.059298520000000110e+01 9.363858085039629409e-02
5.918213670139999886e+04 2.028215030000000141e+01 7.629498886925163703e-02
5.918413968749999913e+04 2.050912860000000038e+01 8.972718433492382628e-02
5.918616156249999767e+04 1.993149379999999837e+01 5.884730539590481146e-02
5.918813662040000054e+04 2.063392259999999823e+01 9.554800109062418223e-02
5.919516328700000304e+04 2.080635260000000031e+01 1.035907156442266025e-01
5.919816339120000339e+04 2.047394179999999864e+01 8.765313266547294924e-02
5.920315357640000002e+04 2.054783249999999839e+01 9.153250290061187844e-02
5.920410141200000362e+04 2.054392239999999958e+01 9.135009127137597162e-02
5.922013761569999770e+04 2.058146100000000089e+01 9.310103968955182885e-02
5.923212444439999672e+04 2.057349209999999928e+01 9.272930446229390999e-02
5.935646557870000106e+04 2.065562819999999888e+01 9.656045284338306278e-02
5.935946555559999979e+04 2.020074460000000016e+01 7.186717317959556706e-02
5.936645749999999680e+04 2.051260380000000083e+01 8.988928149344303786e-02
5.936941416670000035e+04 2.110911559999999909e+01 1.177126075079189538e-01
5.937141628469999705e+04 2.057640079999999827e+01 9.286501734548668896e-02
5.937441398150000168e+04 2.077610400000000013e+01 1.021798078060555531e-01
5.937641163190000225e+04 2.068871120000000019e+01 9.810353308109349968e-02
5.937744596060000185e+04 2.086611369999999965e+01 1.063781397680521185e-01
5.937842868060000183e+04 2.069518659999999954e+01 9.840555747922136165e-02
5.938242305559999659e+04 2.074411010000000033e+01 1.006875565250971438e-01
5.938438791669999773e+04 2.072661400000000143e+01 9.987142519196012813e-02
5.938542438660000334e+04 2.104478650000000073e+01 1.147120889774082692e-01
5.939644429400000081e+04 2.066754530000000045e+01 9.711628544244323147e-02
5.940039020829999936e+04 2.100126270000000162e+01 1.126819599527775634e-01
5.940234531250000146e+04 2.060935399999999973e+01 9.440202848569421989e-02
5.940839276619999873e+04 2.104685399999999973e+01 1.148085213717993658e-01
5.941045072919999802e+04 2.079237559999999974e+01 1.029387886478167202e-01
5.941244886569999653e+04 2.065021709999999899e+01 9.630807794789619791e-02
5.941544461810000212e+04 2.094183350000000132e+01 1.099099613633836292e-01
5.942244534720000229e+04 2.080776600000000087e+01 1.036566335525823807e-01
5.942428340279999975e+04 2.082330130000000068e+01 1.043813062804271607e-01
5.942637123840000277e+04 2.066928100000000157e+01 9.719729159529597040e-02
5.942832917820000148e+04 2.100720600000000005e+01 1.129592016724384057e-01
5.943032550929999707e+04 2.088709640000000078e+01 1.073568738410568824e-01
5.943540813660000276e+04 2.063725660000000062e+01 9.570352357029190959e-02
5.944040856479999638e+04 2.062368770000000140e+01 9.507064603056721019e-02
5.944334645830000227e+04 2.093976779999999849e+01 1.098136138218062663e-01
5.945322400460000063e+04 2.060179330000000064e+01 9.404942827504196579e-02
5.945524447920000239e+04 2.081441309999999945e+01 1.039666659350071687e-01
5.945930089120000048e+04 2.087942890000000062e+01 1.069992156955988233e-01
5.946124511570000323e+04 2.086064530000000161e+01 1.061231514059019915e-01
5.946324667819999740e+04 2.083840560000000153e+01 1.050857486832621757e-01
5.946722339120000106e+04 2.073792650000000037e+01 1.003991036274205911e-01
5.946926068289999967e+04 2.082077220000000040e+01 1.042632951083945908e-01
5.947128730319999886e+04 2.078182410000000147e+01 1.024465977803836747e-01
5.947336747689999902e+04 2.103544619999999910e+01 1.142763747285885922e-01
5.948526450230000046e+04 2.084599109999999911e+01 1.054396139079459699e-01
5.948726223380000010e+04 2.061214640000000031e+01 9.453226199843957345e-02
5.951720131940000283e+04 2.080717280000000002e+01 1.036289849703311838e-01
5.952031050929999765e+04 2.065786549999999977e+01 9.666480836925733788e-02
5.952222643519999838e+04 2.101020809999999983e+01 1.130992137648608176e-01
5.952415724539999792e+04 2.098952669999999898e+01 1.121345567736559135e-01
5.952620535879999807e+04 2.085144419999999954e+01 1.056939276902268271e-01
5.954211287040000025e+04 2.103661350000000141e+01 1.143308290218077589e-01
5.973345275460000266e+04 2.125774570000000097e+01 1.246451743145534086e-01
5.973545346060000156e+04 2.146837999999999980e+01 1.344698573537155550e-01
5.974244958329999645e+04 2.084079170000000047e+01 1.051971010307363175e-01
5.975542799769999692e+04 2.102909470000000169e+01 1.139801669908427767e-01
5.975738349539999763e+04 2.096107479999999867e+01 1.108074361393080048e-01
5.975742746530000295e+04 2.138804239999999979e+01 1.307226651749702484e-01
5.975944524310000270e+04 2.126482389999999967e+01 1.249753521691742419e-01
5.976340131939999992e+04 2.098237040000000064e+01 1.118007535825679688e-01
5.976540903940000135e+04 2.128964810000000085e+01 1.261332105319891705e-01
5.976838516199999867e+04 2.104141620000000046e+01 1.145548814622809747e-01
5.976845666670000355e+04 2.109305189999999897e+01 1.169633211001278456e-01
5.977041467589999957e+04 2.100819020000000137e+01 1.130050575471983620e-01
5.978136839119999786e+04 2.109242439999999874e+01 1.169340709210172913e-01
5.978334150460000092e+04 2.126478960000000029e+01 1.249737505723148567e-01
5.978534392359999765e+04 2.126555060000000097e+01 1.250092388474490224e-01
5.978736645829999907e+04 2.095320889999999991e+01 1.104405905554419753e-01
5.978938057870000193e+04 2.139233019999999996e+01 1.309226102239524625e-01
5.979330866899999819e+04 2.123971560000000025e+01 1.238041761572424293e-01
5.979532505790000141e+04 2.154833789999999993e+01 1.381993478213006388e-01
5.979838601850000123e+04 2.141237260000000120e+01 1.318575114546982618e-01
5.980344728010000108e+04 2.060829730000000026e+01 9.435280112580156364e-02
5.980627255790000345e+04 2.069179150000000078e+01 9.824725394858321859e-02
5.981228874999999971e+04 2.140125659999999996e+01 1.313390211647525174e-01
5.981432512729999871e+04 2.138132480000000157e+01 1.304093454531196905e-01
5.982027562500000204e+04 2.124534609999999901e+01 1.240668352137548475e-01
5.982233039350000035e+04 2.111025809999999936e+01 1.177658809328135520e-01
5.982426900459999888e+04 2.142960929999999919e+01 1.326615045928294101e-01
5.983922266200000013e+04 2.106118389999999962e+01 1.154768857724446929e-01
5.983929067129999748e+04 2.092164229999999847e+01 1.089682323095586963e-01
5.984120619209999859e+04 2.126273349999999951e+01 1.248778244663790726e-01
5.984730127309999807e+04 2.106277659999999941e+01 1.155511482479252561e-01
5.984922473380000156e+04 2.115457920000000058e+01 1.198331839751447803e-01
5.985332104170000093e+04 2.140912820000000139e+01 1.317062040385531818e-01
5.985532034720000229e+04 2.116710090000000122e+01 1.204172548835116541e-01
5.985729641200000333e+04 2.091384120000000024e+01 1.086043360680770120e-01
5.986522353009999642e+04 2.039000509999999977e+01 8.252235949722233621e-02
5.987422012730000279e+04 2.100464819999999833e+01 1.128398420477741138e-01
5.987724215279999771e+04 2.082198139999999853e+01 1.043196875813009877e-01
5.987924136569999973e+04 2.105708890000000011e+01 1.152858764318563517e-01
5.988215317130000039e+04 2.081271549999999948e+01 1.274844385578280670e-01
5.990218393520000245e+04 2.076764299999999963e+01 1.017851446414176492e-01
5.990617920140000206e+04 2.086615370000000169e+01 1.063800786548461247e-01
5.992415572919999977e+04 2.085930060000000097e+01 1.060603525455580398e-01
5.993517708329999732e+04 2.103437609999999935e+01 1.142264727888266801e-01
6.011343128469999647e+04 2.123514940000000095e+01 1.235912500419711763e-01
6.011641282409999985e+04 2.097205160000000035e+01 1.113194366032159849e-01
6.011943546300000162e+04 2.074394990000000050e+01 1.006800548292555442e-01
6.012142112269999780e+04 2.108404540000000083e+01 1.165432013842604558e-01
6.013334633100000065e+04 2.096936039999999934e+01 1.111939230282350394e-01
6.013540971059999720e+04 2.098077579999999998e+01 1.117264062542736719e-01
6.013738072919999831e+04 2.145480540000000147e+01 1.338367273768699683e-01
6.013943662040000345e+04 2.122624779999999944e+01 1.231760192623889139e-01
6.014443075230000250e+04 2.116809269999999898e+01 1.204634480482062314e-01
6.014844410880000214e+04 2.114216229999999896e+01 1.192540020030630477e-01
6.015042787040000258e+04 2.145476719999999915e+01 1.338349574885966398e-01
6.017433791670000210e+04 2.132774540000000130e+01 1.279102059355567977e-01
6.017934289349999744e+04 2.124127010000000126e+01 1.238766687444496778e-01
6.018136354169999686e+04 2.171576689999999843e+01 1.460088217889150830e-01
6.018340923610000027e+04 2.141441349999999844e+01 1.319526788350578184e-01
6.019428710649999994e+04 2.145465469999999897e+01 1.338296464095631577e-01
6.019638880790000258e+04 2.105883030000000034e+01 1.408791283727193477e-01
6.020047600689999672e+04 2.116699029999999837e+01 1.204120286572919057e-01
6.020222645829999965e+04 2.103593250000000126e+01 1.142990502288476901e-01
6.020432668980000017e+04 2.120208739999999992e+01 1.220490968212508825e-01
6.020528452549999929e+04 2.152152440000000055e+01 1.660611121604018414e-01
6.020528498840000248e+04 2.111068729999999860e+01 1.437014503375167729e-01
6.020630285880000156e+04 2.145125390000000110e+01 1.336710062960971834e-01
6.021225376159999723e+04 2.123310090000000017e+01 1.234956612259700548e-01
6.022426568289999705e+04 2.165001489999999862e+01 1.429418797687000975e-01
6.023221755790000316e+04 2.131182289999999924e+01 1.271674942066171876e-01
6.023422081020000041e+04 2.107485580000000169e+01 1.161145673956407859e-01
6.023620320599999832e+04 2.101294520000000077e+01 1.132269186637566705e-01
6.023820332179999969e+04 2.130301090000000030e+01 1.541686197904531541e-01
6.023824149310000212e+04 2.115424540000000064e+01 1.198175894421924931e-01
6.023920616899999732e+04 2.094570919999999958e+01 1.347225695391370270e-01
6.024423881940000138e+04 2.022765160000000151e+01 9.358457981262384429e-02
6.025417576389999886e+04 2.124788669999999868e+01 1.241853519671359540e-01
6.025915732640000351e+04 2.125709919999999897e+01 1.246149971184527111e-01
6.026119476849999774e+04 2.121908949999999905e+01 1.228421319255940114e-01
6.026212024309999833e+04 2.092843630000000132e+01 1.092850925150626318e-01
6.043442812499999854e+04 2.099033929999999870e+01 1.121724888098258738e-01
6.044045119210000121e+04 2.093820949999999925e+01 1.097409529431851161e-01
6.044245413189999817e+04 2.108528520000000128e+01 1.166010264555055603e-01
6.044445188659999985e+04 2.129830739999999878e+01 1.265371459878487648e-01
6.044447034719999647e+04 2.120762630000000115e+01 1.223074566685336956e-01
6.044744895830000314e+04 2.140027239999999864e+01 1.312930804371788274e-01
6.044746336809999775e+04 2.120830540000000042e+01 1.223391513157868205e-01
6.044945197919999919e+04 2.070924760000000120e+01 9.906144710203300396e-02
6.046044851850000123e+04 2.103546139999999909e+01 1.142771334541648059e-01
6.046135957179999969e+04 2.064434430000000020e+01 9.603412286055432179e-02
6.046245230319999973e+04 2.130420679999999933e+01 1.268122805293016853e-01
6.046445138890000089e+04 2.137834549999999822e+01 1.302703452305011833e-01
6.046842982640000264e+04 2.111201480000000075e+01 1.178478148097631822e-01
6.047042458330000227e+04 2.091419600000000045e+01 1.086208583251262183e-01
6.047140671299999667e+04 2.095312119999999823e+01 1.104364596376262997e-01
6.047245721059999778e+04 2.121357150000000047e+01 1.225847832410082855e-01
6.047641437500000029e+04 2.095111849999999976e+01 1.103430628526468338e-01
6.047643306709999888e+04 2.098262019999999950e+01 1.118123861962252580e-01
6.047742543979999755e+04 2.164204600000000056e+01 1.425702286871491087e-01
6.047945560190000106e+04 2.097898479999999921e+01 1.116428714875714046e-01
6.048144752310000331e+04 2.127735900000000058e+01 1.255600135117034000e-01
6.048147651619999669e+04 2.099082369999999997e+01 1.121950794572712240e-01
6.048243263889999798e+04 2.056972890000000120e+01 9.255380480184409453e-02
6.049143070599999919e+04 2.126727869999999854e+01 1.250898235646601964e-01
6.049145403939999960e+04 2.137170790000000054e+01 1.299607342837179602e-01
5.860747692129993811e+04 1.980487138176525974e+01 1.970046353432963748e-01
5.861747104169987142e+04 1.981839143907102851e+01 1.443123853278052426e-01
5.862846474540000781e+04 1.991675561554296792e+01 2.068562286698497898e-01
5.863445121529977769e+04 1.988064111115051702e+01 1.358887626389558290e-01
5.863746905090007931e+04 1.993286841355872951e+01 1.514386641699476954e-01
5.864644546299986541e+04 1.982926714750258412e+01 1.713661711438674851e-01
5.864947825230006129e+04 1.993841647389214344e+01 2.601593429830460491e-01
5.865847383099980652e+04 2.043563747857639612e+01 3.336587276936228696e-01
5.866146707180002704e+04 1.997264117689095642e+01 1.759492401973704878e-01
5.866547241900023073e+04 2.001738733563890804e+01 1.798363906029684656e-01
5.866845200229994953e+04 2.008198483098462717e+01 2.060832410963494843e-01
5.867445878469990566e+04 2.005971173368532945e+01 2.175368739330848511e-01
5.867747892360016704e+04 2.012919988567733753e+01 2.205827437151046400e-01
5.868046939809992909e+04 1.990372275553582426e+01 2.673924558700695453e-01
5.868646594909997657e+04 2.011258594265878941e+01 2.371697028287966247e-01
5.869340723379980773e+04 1.996784102201122835e+01 1.669419229854513242e-01
5.869640796299977228e+04 2.007670308031133288e+01 1.479639494922602438e-01
5.869943331019999459e+04 1.994215761230226391e+01 1.866925454746322655e-01
5.870440510419989005e+04 2.018636616810390194e+01 2.359947068635035172e-01
5.870440555559983477e+04 1.994683563956148120e+01 1.670438525830479637e-01
5.870540755790006369e+04 2.010537333946513883e+01 2.030671760375769019e-01
5.871247024310007691e+04 2.029260819392616710e+01 4.250695468033813262e-01
5.871738467589998618e+04 2.006833506636812103e+01 1.953848411087886761e-01
5.871743504629982635e+04 2.016793787747113953e+01 3.234155470710187164e-01
5.871743549769977108e+04 2.034869300818921900e+01 3.362273444979646531e-01
5.871843761570006609e+04 2.018118393806543054e+01 2.316501188200432437e-01
5.872240753469988704e+04 2.008820981674744388e+01 1.766045205318119982e-01
5.872340495370002463e+04 1.996164003901963468e+01 1.682050930542440259e-01
5.872342322919983417e+04 2.011416429498883929e+01 1.846444059742586852e-01
5.872342368059977889e+04 2.010433407642964454e+01 1.873244055501871175e-01
5.872532234949991107e+04 2.007844601807521201e+01 1.855476866319030471e-01
5.872542576389992610e+04 2.014758298174073303e+01 2.190229121299396564e-01
5.872542621529987082e+04 2.004490247031638361e+01 2.211307684378775729e-01
5.872642819439992309e+04 2.002274650695203917e+01 1.745912113259680820e-01
5.872642864579986781e+04 2.004833689156668797e+01 1.896546767021267399e-01
5.872738548609986901e+04 2.000251022167638482e+01 1.599720393416761977e-01
5.873030619210004807e+04 2.009139181409443253e+01 2.001407318823138770e-01
5.873030709489993751e+04 2.000699836439901702e+01 1.916389660123736238e-01
5.873238855319982395e+04 2.007754033267261562e+01 1.641287518396711831e-01
5.873439057870022953e+04 2.001784667265050643e+01 1.647177579058084207e-01
5.873449636569991708e+04 1.997791867358479934e+01 2.514546050434479096e-01
5.873540637730015442e+04 2.016724337732004457e+01 1.908190837874051693e-01
5.873644704859983176e+04 2.018468670753280847e+01 2.076065911527356922e-01
5.873644979170011356e+04 1.991977960880401710e+01 1.683985535477345863e-01
5.873744324069982395e+04 2.000646809456329223e+01 2.823894127781943486e-01
5.873747237269999459e+04 2.018182643353950567e+01 2.349738874239890862e-01
5.874419454859988764e+04 1.987125051513412188e+01 1.907856673761885447e-01
5.874519467590004206e+04 2.017767047554233883e+01 2.394247011802515812e-01
5.874719457180006430e+04 2.015420733864372238e+01 1.930164972376456067e-01
5.874819344910001382e+04 2.020286251781812581e+01 2.580206217522285073e-01
5.874919523150008172e+04 2.006678181350781998e+01 1.995837272416327579e-01
5.875019553240016103e+04 2.018806459994602065e+01 2.490029940484165261e-01
5.875119315969990566e+04 2.014942087495239775e+01 2.111511575602775526e-01
5.875126874999981374e+04 2.007382013514825303e+01 2.604427268506868121e-01
5.875126920140022412e+04 2.020743100472330411e+01 2.648073936186461363e-01
5.875419285879982635e+04 2.023605219409144951e+01 2.307300242461818862e-01
5.875716648150002584e+04 2.028740692342575258e+01 2.598255177061303822e-01
5.875718237269995734e+04 2.033339813317527245e+01 2.780439034590113656e-01
5.875718724540015683e+04 2.019355938965172825e+01 2.292133478084122100e-01
5.875718769680010155e+04 2.011943934309041637e+01 2.041886224465408739e-01
5.875737895830022171e+04 2.013439349021671632e+01 2.037045150323482934e-01
5.875820966440020129e+04 2.011475288059057220e+01 2.003584716576789215e-01
5.876019402780011296e+04 2.020853665621805106e+01 2.099366173428002247e-01
5.876119304399983957e+04 2.026863998476337514e+01 2.873075324958165866e-01
5.876219223379995674e+04 2.019434186403518083e+01 2.228332219359345223e-01
5.876226401619985700e+04 2.016454792260116236e+01 2.408941998130431361e-01
5.876226446759980172e+04 2.011225891167786983e+01 2.617970747630660178e-01
5.876319359950022772e+04 2.031415137273875260e+01 3.071229985882774627e-01
5.876433890049997717e+04 2.009489677150006059e+01 2.082585371722666390e-01
5.876436796300020069e+04 2.010095677574028272e+01 2.250044671303146893e-01
5.876436841440014541e+04 2.024050762199772535e+01 2.499674544233500273e-01
5.877418759260000661e+04 2.019381920012426335e+01 2.500790886656013567e-01
5.878118774309987202e+04 2.014387931117667208e+01 4.055310728239685525e-01
5.878522427080012858e+04 2.008154211157449254e+01 2.127484595678022505e-01
5.879116252310015261e+04 2.000196906740182357e+01 2.248888022980585766e-01
5.879117218750016764e+04 2.018302264353018316e+01 2.774789410074421925e-01
5.879417391199991107e+04 2.003834262928450372e+01 2.121080275870642629e-01
5.879515217590006068e+04 2.015606229995314180e+01 3.169185993629926590e-01
5.879716329859988764e+04 1.997433542289573793e+01 3.063452173925946265e-01
5.879717400459991768e+04 2.017206978397913986e+01 4.324055176192226901e-01
5.880618410879978910e+04 2.045531491375059829e+01 2.522027945960204076e-01
5.881118060189997777e+04 2.010380859366044959e+01 2.321595235107888899e-01
5.881409894679998979e+04 2.058358359653107428e+01 6.919412546597791813e-01
5.882015534720011055e+04 2.039515991085585966e+01 5.952782762546288131e-01
5.885015126160020009e+04 2.012599180261842235e+01 3.582937212819838346e-01
5.885908334490004927e+04 2.033017901911202330e+01 4.302531994299240714e-01
5.886212170139979571e+04 2.027698432592035971e+01 2.853169623911776531e-01
5.887215908560017124e+04 2.060697419358451299e+01 4.877603916434410380e-01
5.898745116900000721e+04 2.048093272155545819e+01 3.352665273258264023e-01
5.899247048609983176e+04 2.038201048094548185e+01 2.634633515997781839e-01
5.899642243060003966e+04 2.039535867723222040e+01 2.716028559655068730e-01
5.900244645830010995e+04 2.042323708031772611e+01 3.818832817757655818e-01
5.901047090280009434e+04 2.071591300322862850e+01 4.810038774544930229e-01
5.901639362270012498e+04 2.058550625429152703e+01 5.883643468923712705e-01
5.901934449069993570e+04 2.080596386932431230e+01 4.100891516297557327e-01
5.902238825230021030e+04 2.058843389330432316e+01 3.360925574137545446e-01
5.902534635420003906e+04 2.059946611951247775e+01 3.759984799805075051e-01
5.902838912039995193e+04 2.064278940328243550e+01 3.492288188128519488e-01
5.903134846059978008e+04 2.048142456940090739e+01 3.906426898124474856e-01
5.903446951390011236e+04 2.038458931057565593e+01 3.314486252099089758e-01
5.903735324069997296e+04 2.136895036438589912e+01 1.070987145829593201e+00
5.904046600690018386e+04 2.057353528408041754e+01 3.403711721590377826e-01
5.904337063660006970e+04 2.043384801853725463e+01 2.968824074139143065e-01
5.904637179399980232e+04 2.063463047201797096e+01 3.155779949825457398e-01
5.904649114579986781e+04 2.046553355946881680e+01 3.232824817586364419e-01
5.904944644680013880e+04 2.051230613806864866e+01 2.941708968987464812e-01
5.905244405090017244e+04 2.056183814478192673e+01 2.643980268090348473e-01
5.905249427080014721e+04 2.053617157373424362e+01 3.960013193145671684e-01
5.905338386570010334e+04 2.052113297154492955e+01 2.738556955357391853e-01
5.905449157410021871e+04 2.060462507655149977e+01 3.700489548908097448e-01
5.905539863430010155e+04 2.051574641865574122e+01 2.721793439088647237e-01
5.905741427080007270e+04 2.051329521193050809e+01 2.831100311173335715e-01
5.905940128469979391e+04 2.053745142915937549e+01 2.930863821749835063e-01
5.906035006939992309e+04 2.058925526707795939e+01 3.096859761685095691e-01
5.906245421299990267e+04 2.055541563743581079e+01 3.098832914289760820e-01
5.906633146989997476e+04 2.068656475272437234e+01 5.563277006855207318e-01
5.906844466440007091e+04 2.055687455675885289e+01 3.944764282919819842e-01
5.906850399310002103e+04 2.064741829405008744e+01 4.898394918781358021e-01
5.907034089120011777e+04 2.056887262349580325e+01 4.001918678230305670e-01
5.907140430560009554e+04 2.070545847194512845e+01 3.863003886342266102e-01
5.907143313660006970e+04 2.086517246912438850e+01 4.709419712335519148e-01
5.907238694440014660e+04 2.060683247831579834e+01 4.599945141932854642e-01
5.907336354169994593e+04 2.059308761995620074e+01 3.821554395145669858e-01
5.907446903940010816e+04 2.055667102386428269e+01 5.157148958529249594e-01
5.907539269680017605e+04 2.058184405687542551e+01 3.363795496326318912e-01
5.907734420139994472e+04 2.052659261550015302e+01 2.633069036855328338e-01
5.907738483799993992e+04 2.050226482245409798e+01 2.715822318328095508e-01
5.908038912039995193e+04 2.068315773865869289e+01 3.590048173946838728e-01
5.908040361109981313e+04 2.055410059656518484e+01 3.193758515066327797e-01
5.908130175929982215e+04 2.067301840168449090e+01 4.071482634149229951e-01
5.908234475689986721e+04 2.194287239126341404e+01 3.138193299866646857e+00
5.908435909719998017e+04 2.038423629960806238e+01 2.242504562379176447e-01
5.908534262729994953e+04 2.070606905366361516e+01 2.784690982680675386e-01
5.908830432870006189e+04 2.064568856624708815e+01 4.510030932899201095e-01
5.908927103010006249e+04 2.055914809746639449e+01 3.687789430814297220e-01
5.909040481479978189e+04 2.057172365390741575e+01 3.371896046560383664e-01
5.909126906249998137e+04 2.084181761985280446e+01 5.887101028892716137e-01
5.909226989579992369e+04 2.035572876553165855e+01 3.246592967634153171e-01
5.909734370370022953e+04 2.077963615983390611e+01 5.615903543827100997e-01
5.910630226849997416e+04 2.078608032054462740e+01 5.347067199320760800e-01
5.910735451389988884e+04 2.055208832918829032e+01 3.736963996772319496e-01
5.910930108800018206e+04 2.066145566903812991e+01 3.693605468540550052e-01
5.910933247689995915e+04 2.077328886038012001e+01 5.386789134040378402e-01
5.911227920140000060e+04 2.083350932518335341e+01 4.357991331626128173e-01
5.911230836809985340e+04 2.054860484759724670e+01 2.739215495156828717e-01
5.911521857640007511e+04 2.065414465945385913e+01 3.098712971566723873e-01
5.911525935189984739e+04 2.077362660904917391e+01 4.072009657939958949e-01
5.911623914350010455e+04 2.083986528545313277e+01 4.553076062167783489e-01
5.911724310189997777e+04 2.080678213170648050e+01 4.834724782090463746e-01
5.911836807869980112e+04 2.074515847552270742e+01 3.837655265957624628e-01
5.911922805560007691e+04 2.062818061627695343e+01 4.103003012384698889e-01
5.912023759259982035e+04 2.093226879621180103e+01 7.975979021659225232e-01
5.912128126160008833e+04 2.078069884249168808e+01 5.754947931968688035e-01
5.912224699069978669e+04 2.066510113161206874e+01 5.060610057246325288e-01
5.912524037039978430e+04 2.106332973712484957e+01 7.647188100278522471e-01
5.912929851849982515e+04 2.085529178791229654e+01 5.535070615656688675e-01
5.913126781249977648e+04 2.051122258644058860e+01 2.896559540202348071e-01
5.913423987270006910e+04 2.099401693605145169e+01 4.667635043270488837e-01
5.913624461810011417e+04 2.073074851283272579e+01 3.392400035249222845e-01
5.913822410879982635e+04 2.084948779070257885e+01 4.555096795570879875e-01
5.914018515049992129e+04 2.060494541901160304e+01 3.461662177657344186e-01
5.914417553240014240e+04 2.115338668970925795e+01 7.521951060703452319e-01
5.914924729169998318e+04 2.043397167450146767e+01 5.003425047260965375e-01
5.915117696759989485e+04 2.132524559535267983e+01 9.595257018610779953e-01
5.915315232639992610e+04 2.045875821799512551e+01 5.358565681737944564e-01
5.915515293980017304e+04 2.077821162821387446e+01 4.180724770935469459e-01
5.916420390050020069e+04 2.084401550743931963e+01 4.871282573681487427e-01
5.916921763890003785e+04 2.124776081657662985e+01 6.761645949028319835e-01
5.917117782410001382e+04 2.061925493350846494e+01 3.573140721350758220e-01
5.917317504630004987e+04 2.103682454643602995e+01 5.714418009871485848e-01
5.917813721060007811e+04 2.084480867389254755e+01 5.118585902712549096e-01
5.918015368060022593e+04 2.135580585050253077e+01 1.632622766104188550e+00
5.918213670139992610e+04 2.046222178716749340e+01 4.577563297580424240e-01
5.918413968749996275e+04 2.055782214561887145e+01 3.969846837664357531e-01
5.918616156250005588e+04 2.073534182728654685e+01 8.359649626447716031e-01
5.918813662040000781e+04 2.065279076538551806e+01 4.011147908670652518e-01
5.919516328699979931e+04 2.071603776939316433e+01 3.754838885116135172e-01
5.919816339119989425e+04 2.051831921240975021e+01 3.588043465234000418e-01
5.919916012729983777e+04 2.058160632146818969e+01 4.423636983070837747e-01
5.919916105319978669e+04 2.087722046291538192e+01 6.256464144470474942e-01
5.920015614579990506e+04 2.173499846563439419e+01 1.919370028585777765e+00
5.920216478009987622e+04 2.113249045366394085e+01 7.231179767764781552e-01
5.920410141200013459e+04 2.058008108520888157e+01 4.105972725815467683e-01
5.920410234950017184e+04 2.048910469376572507e+01 3.066950877436719347e-01
5.921020244209980592e+04 2.030164460935275628e+01 5.297784639773763793e-01
5.921614473380008712e+04 2.051179333832988760e+01 3.437307647226933160e-01
5.922013761569978669e+04 2.067939210105432579e+01 3.717574903132843667e-01
5.922415326389996335e+04 2.070935489402023677e+01 5.097198029757342708e-01
5.922618229170003906e+04 2.150461109813993943e+01 3.658050223202364837e+00
5.922816248840000480e+04 2.115523726600050480e+01 1.231797759635240075e+00
5.932448613430000842e+04 2.082806594737112604e+01 6.080641329985803090e-01
5.935341143519990146e+04 2.093250822012954515e+01 6.068666574187084883e-01
5.935646557869995013e+04 2.070216189146901442e+01 4.712303795026524522e-01
5.936345042819995433e+04 2.034300971225302490e+01 3.899887990795918857e-01
5.936645750000001863e+04 2.057757607197389760e+01 3.743654663090893453e-01
5.936941416670009494e+04 2.119849557230111614e+01 5.921080573163111094e-01
5.937141628469992429e+04 2.067582477132745566e+01 3.763483291103534301e-01
5.937441398150008172e+04 2.077635700535221019e+01 4.522853242651420635e-01
5.937641163189988583e+04 2.079472407771032039e+01 4.199639999270623480e-01
5.937744596059992909e+04 2.085783488056831203e+01 3.819396568880721321e-01
5.937842868060013279e+04 2.079996989561607634e+01 4.469000001351667861e-01
5.937943284719996154e+04 2.062723930016490925e+01 3.029000574000030865e-01
5.938242305559990928e+04 2.088916885330309370e+01 4.736651229875250002e-01
5.938438791669998318e+04 2.097411811492177236e+01 5.621839305658156150e-01
5.938542438660003245e+04 2.092846814237567443e+01 4.448277672894265233e-01
5.938645446760021150e+04 2.074728163663110081e+01 3.482589796380718972e-01
5.939145318289985880e+04 2.081361433275153772e+01 6.587664285964206501e-01
5.939438089120015502e+04 2.112072304842460468e+01 7.839198942113423385e-01
5.939644429400004447e+04 2.089594209138873282e+01 5.629481348043519073e-01
5.940039020830020308e+04 2.108730222557324652e+01 4.491768187445557281e-01
5.940234531249990687e+04 2.083786714463487755e+01 5.115296996149838460e-01
5.940438526620017365e+04 2.101636784432201921e+01 5.114417116097836891e-01
5.940839276620000601e+04 2.095130636849298256e+01 4.802338708947164747e-01
5.941045072920015082e+04 2.065938152956487528e+01 3.699320415672830986e-01
5.941244886570004746e+04 2.067842889246267646e+01 4.011873151470353727e-01
5.941544461809983477e+04 2.091270987325579966e+01 4.437818259613657834e-01
5.942244534720014781e+04 2.105320119965929138e+01 6.365272697917283562e-01
5.942428340280009434e+04 2.092401465518916837e+01 6.155491175727908493e-01
5.942637123840022832e+04 2.088163320673791290e+01 4.503283493187082986e-01
5.942832917820010334e+04 2.093456721588318103e+01 4.330349445844736689e-01
5.943032550929998979e+04 2.085410336960699595e+01 3.854732913775898995e-01
5.943540813660016283e+04 2.063981221971655344e+01 3.146316051266036529e-01
5.943840123840002343e+04 2.109941721011912463e+01 6.296085467581886697e-01
5.944040856479993090e+04 2.058923679959161746e+01 3.262904761524083042e-01
5.944334645830001682e+04 2.093787054149692750e+01 5.721845869215965719e-01
5.945041289350017905e+04 2.080939994777748936e+01 1.132942679245446671e+00
5.945322400460019708e+04 2.063156221553562730e+01 3.471191455032371920e-01
5.945524447919987142e+04 2.076896869062802864e+01 3.851308924922980381e-01
5.945930089120008051e+04 2.079133659883780538e+01 4.070451117335424085e-01
5.946124511570017785e+04 2.088751070757478345e+01 3.680146303265896535e-01
5.946324667820008472e+04 2.086134347355935859e+01 4.463361460335903974e-01
5.946532363429991528e+04 2.104813206914286638e+01 5.106726900758720156e-01
5.946722339119995013e+04 2.075366191226767398e+01 3.874487406902443198e-01
5.946926068289997056e+04 2.074694899769475498e+01 4.785467379948864508e-01
5.947128730319999158e+04 2.066315952772112041e+01 3.759721229577395740e-01
5.947336747690010816e+04 2.101207851719548714e+01 4.455586897432458060e-01
5.947625244210008532e+04 2.095870288601474130e+01 6.954862197399960255e-01
5.947832972220005468e+04 2.451133199480651115e+01 3.042816907405486404e+01
5.948032842590007931e+04 2.109394920245073024e+01 6.197485172173768930e-01
5.948526450229994953e+04 2.094128628315651497e+01 7.561420657585554705e-01
5.948726223379978910e+04 2.081448305135585031e+01 3.990905221309834494e-01
5.948932354169990867e+04 2.087764947558585504e+01 5.354040449467581952e-01
5.949128188659995794e+04 2.104373247993816420e+01 5.683663316644032015e-01
5.949736196759995073e+04 2.075367327950906926e+01 4.090282862842932743e-01
5.950240515050012618e+04 2.136534391928907795e+01 1.760019781051820775e+00
5.950423965279990807e+04 2.112447912715221321e+01 8.639431614298277440e-01
5.951024215279985219e+04 2.101009585390187695e+01 6.674807501867341397e-01
5.951720131940022111e+04 2.091758880671473264e+01 4.325727717594826660e-01
5.952031050929985940e+04 2.058934761116843504e+01 3.547257471941997475e-01
5.952222643519984558e+04 2.112105511658699086e+01 5.006089735824243991e-01
5.952415724539989606e+04 2.108575533822475734e+01 5.128172195182443271e-01
5.952620535880001262e+04 2.096842987383016066e+01 4.406992915270273037e-01
5.952923766200011596e+04 2.149639094291448416e+01 8.855617016311240208e-01
5.953130340280011296e+04 2.109416965089916474e+01 5.866080760530489879e-01
5.953629547449992970e+04 2.270811235580811172e+01 4.427503618025409260e+00
5.954211287039984018e+04 2.118193705991414433e+01 5.751355303088770965e-01
5.973138932870002463e+04 2.158906976215961748e+01 9.522928642026408097e-01
5.973345275459997356e+04 2.116964542714311648e+01 6.460468189663388650e-01
5.973545346060022712e+04 2.135469810676300284e+01 6.889269711335338497e-01
5.973841377309989184e+04 2.155801623369836406e+01 8.227797090317563455e-01
5.974043238430004567e+04 2.156127350902242057e+01 7.818782605771045224e-01
5.974244958329992369e+04 2.094068167734676678e+01 6.274407061644120542e-01
5.974445097219990566e+04 2.068618315120714257e+01 5.854978813098552504e-01
5.974939743060013279e+04 2.161666682021305164e+01 1.151997789372281922e+00
5.975144942130008712e+04 2.132351815299384867e+01 8.433720629915696376e-01
5.975542799769993871e+04 2.122063904679816559e+01 5.150620433824615318e-01
5.975738349540019408e+04 2.108124782946985221e+01 6.079953138298229698e-01
5.975742746530007571e+04 2.141922843678777255e+01 8.137264990055568248e-01
5.975944524310017005e+04 2.127112040232953660e+01 6.414932571314534426e-01
5.976340131939994171e+04 2.107375012024228411e+01 5.299825026748815615e-01
5.976540903940005228e+04 2.109302561105491236e+01 5.303717276175949902e-01
5.976838516200007871e+04 2.123838458888022274e+01 6.141804591936922408e-01
5.976845666670007631e+04 2.113845064929471462e+01 4.726123620269119807e-01
5.977041467589978129e+04 2.115704617006027632e+01 5.564107406070510908e-01
5.977045482640014961e+04 2.161084370891792261e+01 7.476773507668239560e-01
5.978136839119996876e+04 2.127377609605428432e+01 7.254753395504860425e-01
5.978143160879984498e+04 2.139897869138148678e+01 1.114994132861461207e+00
5.978334150459989905e+04 2.129474162192281739e+01 6.040569866988684256e-01
5.978534392359992489e+04 2.139393390559281727e+01 6.668693330570539812e-01
5.978736645830003545e+04 2.107081337123563358e+01 5.775914426605601726e-01
5.978938057869998738e+04 2.151544639084723798e+01 9.123974055021255580e-01
5.979330866899993271e+04 2.118596843761191906e+01 6.791186786836066469e-01
5.979532505790004507e+04 2.174516927828753055e+01 1.026260383899839201e+00
5.979838601850019768e+04 2.125625923213324242e+01 5.303832250176608865e-01
5.980344728010008112e+04 2.114337481644885131e+01 8.534483623354849335e-01
5.980826402779994532e+04 2.200049548766845575e+01 1.569546488436986742e+00
5.981024519680021331e+04 2.131146175528685660e+01 8.259173675172869489e-01
5.981228874999983236e+04 2.142227180931005392e+01 7.180734504933458107e-01
5.981432512729987502e+04 2.154774183150455258e+01 7.592605525462813310e-01
5.981627840280020609e+04 2.130154261211668043e+01 6.411699281925536953e-01
5.981832456019986421e+04 2.139593910765349705e+01 6.314528016859252135e-01
5.982027562499977648e+04 2.131581687499676292e+01 6.224933150953195771e-01
5.982233039350016043e+04 2.143952910410812507e+01 7.830935447169017349e-01
5.982426900460012257e+04 2.161228135376426707e+01 8.365293848668067245e-01
5.982632891200017184e+04 2.116734147891137141e+01 5.468600217737792368e-01
5.982938434030022472e+04 2.160921598585821002e+01 9.517502057272561045e-01
5.983922266199998558e+04 2.129646898541081868e+01 6.936430354647447061e-01
5.983929067130014300e+04 2.092825787954459926e+01 4.675727832004855644e-01
5.984120619209995493e+04 2.132134703397609243e+01 5.974090702194628788e-01
5.984128471060004085e+04 2.146177087322887900e+01 9.210562180249765030e-01
5.984332413189997897e+04 2.120932612077230317e+01 5.785178645785400420e-01
5.984524599540000781e+04 2.145708370905560969e+01 7.005827803681811128e-01
5.984730127310007811e+04 2.102613200355746415e+01 5.167075842197942359e-01
5.984922473380016163e+04 2.119952512223319374e+01 5.887425939970378774e-01
5.985121979170013219e+04 2.164354519707793401e+01 9.817193925439683388e-01
5.985332104169996455e+04 2.117916308066045872e+01 5.123661274893169804e-01
5.985532034720014781e+04 2.112613893682233268e+01 6.041752142001618475e-01
5.985729641199996695e+04 2.096856207485658530e+01 5.551566612379601473e-01
5.985940361109981313e+04 2.142896302917721485e+01 9.519260190927926191e-01
5.986330480320006609e+04 2.178306485018719485e+01 1.674319228840452034e+00
5.986522353010019287e+04 2.053747299418491679e+01 3.648332014151674518e-01
5.986721973379980773e+04 2.117494843579212827e+01 6.009225789246699367e-01
5.987034968749992549e+04 2.175359223708748146e+01 1.011972639426051757e+00
5.987227810190012679e+04 2.133927136975394845e+01 6.797223801363548867e-01
5.987422012729989365e+04 2.113602091383231851e+01 5.658022741082087137e-01
5.987724215279985219e+04 2.081335756245082180e+01 3.937279242201096596e-01
5.987924136570002884e+04 2.134140704192715532e+01 6.350905892895586380e-01
5.988134292820002884e+04 2.102510440199061037e+01 4.977382516221253161e-01
5.988215269679995254e+04 2.099616246863364921e+01 4.285112601591540837e-01
5.988720381940016523e+04 2.157714191994023878e+01 1.281759660713577720e+00
5.988921561340009794e+04 2.052221411160807207e+01 5.752011993093799624e-01
5.989615836809994653e+04 2.146801011192534503e+01 8.555161241013756745e-01
5.989815711810020730e+04 2.114232694452102734e+01 5.910950994685862936e-01
5.990218393519986421e+04 2.089463429008309703e+01 5.199655605869986097e-01
5.990415924770012498e+04 2.093472254682915334e+01 4.634499538579570643e-01
5.990617920139990747e+04 2.085924172304510904e+01 4.345468537909352724e-01
5.990811674770014361e+04 2.090636171308531388e+01 6.839276785061690900e-01
5.991013652780000120e+04 2.164567719348850972e+01 8.019464829482944035e-01
5.991311628470011055e+04 2.137893781541855631e+01 6.697694199685392258e-01
5.992222287040017545e+04 2.087094235092881434e+01 6.386550126218116796e-01
5.992415572920022532e+04 2.075874753274996820e+01 5.469555204971132678e-01
5.993021896990016103e+04 2.098355803232592720e+01 5.429004566371499196e-01
5.993320038190018386e+04 2.151904542278474608e+01 1.310442650230090100e+00
5.995812472219998017e+04 2.101296716546112364e+01 5.719278144169009925e-01
6.009843704860005528e+04 2.109404246241066261e+01 9.211002176523803708e-01
6.010342923610005528e+04 2.069054849696794562e+01 4.323683086671110121e-01
6.011041162039991468e+04 2.144231643668940279e+01 8.555622171869904369e-01
6.011343128470005468e+04 2.106233125180848731e+01 4.646366036627143647e-01
6.011641282409988344e+04 2.114634596884325290e+01 7.270777205842779978e-01
6.011943546300008893e+04 2.081462384513592667e+01 3.916728411189948078e-01
6.012142112269997597e+04 2.105729067921717856e+01 5.506351356041051526e-01
6.012340567129990086e+04 2.203302460719009304e+01 1.365222433873072738e+00
6.012540895830001682e+04 2.116354823932539730e+01 6.070558902641026711e-01
6.012743226849986240e+04 2.151401326158146077e+01 9.383433128244060839e-01
6.013334633099986240e+04 2.094886931100048599e+01 6.973345485460572535e-01
6.013540971060004085e+04 2.110552873812660124e+01 5.708527754784743502e-01
6.013738072919985279e+04 2.152861934479242123e+01 9.081763113196233972e-01
6.013943662039982155e+04 2.130963075505892235e+01 7.011756269001431230e-01
6.014135784719977528e+04 2.162545303458125900e+01 8.795925681415412978e-01
6.014443075230019167e+04 2.125639122128715996e+01 6.435434427894238807e-01
6.014844410880003124e+04 2.138915062845256543e+01 6.802400961166037430e-01
6.015042787039978430e+04 2.185947127155427694e+01 1.108176722438719786e+00
6.015543091440014541e+04 2.120770769651915444e+01 6.244229458746965999e-01
6.015934142359998077e+04 2.132303766719886795e+01 1.204214465651800348e+00
6.016240436339983717e+04 2.177326425237059482e+01 1.226693566604714736e+00
6.016536774310003966e+04 2.130953392098886212e+01 6.214458148587853614e-01
6.017138368060020730e+04 2.183764027895960780e+01 1.110224847326137354e+00
6.017433791670016944e+04 2.123355908574171025e+01 5.357288097574435248e-01
6.017439596060011536e+04 2.173674713158587224e+01 7.007776977190872669e-01
6.017934289349988103e+04 2.126654014701761852e+01 6.101762119626858993e-01
6.018136354169994593e+04 2.144405495306689247e+01 8.191833083032463714e-01
6.018340923610003665e+04 2.145082844914942299e+01 7.310163947611900692e-01
6.018547246530000120e+04 2.160418748439852266e+01 8.844670600597654975e-01
6.019226317129982635e+04 2.127411858877156448e+01 1.676670750071803662e-01
6.019233166670007631e+04 2.124039779471254974e+01 6.529727242434268941e-01
6.019428710650000721e+04 2.141064880857106800e+01 8.349613309238296255e-01
6.019638880789978430e+04 2.131636151320527972e+01 5.152275104264895100e-01
6.019638928239978850e+04 2.162723381354519603e+01 6.137229233714047716e-01
6.020047600689996034e+04 2.120789058771086388e+01 6.212014582481559799e-01
6.020222645829990506e+04 2.131694412055209042e+01 6.585280399693573816e-01
6.020432668979978189e+04 2.117542194850234694e+01 7.195399066075318650e-01
6.020528452550014481e+04 2.166555214327729573e+01 6.448527771870985470e-01
6.020528498840006068e+04 2.114223658450443821e+01 3.517979610645960431e-01
6.020630285880016163e+04 2.148838473142342309e+01 7.666239320366693422e-01
6.020934359950013459e+04 2.157745655107148508e+01 9.990095514480000771e-01
6.021125875000003725e+04 2.138445966504207263e+01 5.321090065873399499e-01
6.021225376159977168e+04 2.134043870568087442e+01 8.563079617583021497e-01
6.021322913189977407e+04 2.231484623117422572e+01 1.981297835291314424e+00
6.021436807869980112e+04 2.116853879554077977e+01 9.562173254730440553e-01
6.022022775459988043e+04 2.169545805144925055e+01 1.284066382349417168e+00
6.022221898149978369e+04 2.166674187470088953e+01 8.101475275402303389e-01
6.022226658560009673e+04 2.173204976418663037e+01 1.133597937043382631e+00
6.022226706020021811e+04 2.173213835537154281e+01 9.617224664613094332e-01
6.022426568289985880e+04 2.176961198860031388e+01 1.245310662917731737e+00
6.022723766200011596e+04 2.153323778424997315e+01 8.843533044653039132e-01
6.023026894679991528e+04 2.138651678851148574e+01 6.684622575908369946e-01
6.023221755790011957e+04 2.128512579846450592e+01 6.202985736789603521e-01
6.023422081020008773e+04 2.121773430738087640e+01 5.548787223320987838e-01
6.023620320599991828e+04 2.103309812397208489e+01 5.397765486966554782e-01
6.023729149310011417e+04 2.090959185798354980e+01 3.930752759579808076e-01
6.023729196760011837e+04 2.213898776718144035e+01 1.159913769091616365e+00
6.023820332180010155e+04 2.174817677729308230e+01 9.361907217354219490e-01
6.023820379630010575e+04 2.136820354542170008e+01 5.951478154601475001e-01
6.023824149309983477e+04 2.125545755380038671e+01 5.446686362966214334e-01
6.023920616899989545e+04 2.107541207022119067e+01 4.154915185777330322e-01
6.023920664349989966e+04 2.191057905548972684e+01 1.085267329163062122e+00
6.024232812500000000e+04 2.107529272177193036e+01 6.761864262221304323e-01
6.024423929399996996e+04 2.143802348983634687e+01 1.039641798239687054e+00
6.024527924769977108e+04 2.162317019715739264e+01 1.715768849419075481e+00
6.025013384260004386e+04 2.127929804843948602e+01 5.873948378654755276e-01
6.025131111110001802e+04 2.136132535408399846e+01 9.351732261767383703e-01
6.025131158560002223e+04 2.186237654076144210e+01 1.171103650458904077e+00
6.025217724539991468e+04 2.194626698192205438e+01 1.095472273936624719e+00
6.025417576389992610e+04 2.124466812165655583e+01 6.403137573282463579e-01
6.025719549770001322e+04 2.157990562218837027e+01 1.181692608582807003e+00
6.025915732639981434e+04 2.141870805141559941e+01 8.327721301736457082e-01
6.026119476850004867e+04 2.124040777214842635e+01 5.980436575908739671e-01
6.026228812499996275e+04 2.215872458391695687e+01 8.580689357382118576e-01
6.028411939809983596e+04 2.178193375084875072e+01 1.126577889855381764e+00
6.028813370369980112e+04 2.174016370109123386e+01 1.103097601935428607e+00
6.029023818290000781e+04 2.130492992005304842e+01 8.665094709590722699e-01
6.031111839119996876e+04 2.116137869664118654e+01 5.821951260969041586e-01
6.041247119210008532e+04 2.281637820251887661e+01 3.909401745047000443e+00
6.041249045140016824e+04 2.153263707457282550e+01 9.306830950498400368e-01
6.041348942130012438e+04 2.141844191934716335e+01 1.153698220996159263e+00
6.041447043980006129e+04 2.168380864231028227e+01 1.542727633813100185e+00
6.041448964119981974e+04 2.154359103887651372e+01 1.303152441839590336e+00
6.041649097219994292e+04 2.281637820251887661e+01 4.350396331451478638e+00
6.042148569440003484e+04 2.115563691083092834e+01 7.724688037200182489e-01
6.042347497690003365e+04 2.398498760204383373e+01 1.824257993512020448e+01
6.042845129630016163e+04 2.153932077656731536e+01 1.436888275793619885e+00
6.042947482640016824e+04 2.188600787484875809e+01 1.434875984303634722e+00
6.042950055560003966e+04 2.112583133156287829e+01 8.570645645405149393e-01
6.043047288190014660e+04 2.200331897662673342e+01 1.513632303825081182e+00
6.043244923610007390e+04 2.134203087436729618e+01 7.824572530640983015e-01
6.043347422449989244e+04 2.122871962352181896e+01 7.167325291014583488e-01
6.043442812500009313e+04 2.099457689339819666e+01 5.872255768371361651e-01
6.043445104169985279e+04 2.144115094665631105e+01 6.957401361145776342e-01
6.043945211810013279e+04 2.135528572465732466e+01 8.102835568261981258e-01
6.043947063660016283e+04 2.180188280078261442e+01 1.157880118160594662e+00
6.044043348379991949e+04 2.109322041720558616e+01 7.123284396895572801e-01
6.044045119210006669e+04 2.119960143181678447e+01 7.559981224929593902e-01
6.044145011569978669e+04 2.242911369851826464e+01 2.229429968475436841e+00
6.044146434029983357e+04 2.122269160517303277e+01 8.740824380624869772e-01
6.044245413189986721e+04 2.136449871449307381e+01 7.474663224908135728e-01
6.044246682870015502e+04 2.148617273970325670e+01 7.199254529283437565e-01
6.044343003469984978e+04 2.355294821101183089e+01 7.153586791382378074e+00
6.044345146990008652e+04 2.201865580677107914e+01 1.477312905264190235e+00
6.044445188659988344e+04 2.193878513135386754e+01 1.284927058008781930e+00
6.044447034720005468e+04 2.139534889562727926e+01 8.478034831552129225e-01
6.044641298610018566e+04 2.177384217318831716e+01 1.599407148682266300e+00
6.044642812500009313e+04 2.164238148872269107e+01 9.649306183004371373e-01
6.044744895830005407e+04 2.126219725094438218e+01 6.715906032561503869e-01
6.044746336810011417e+04 2.138301652336261327e+01 6.761160147638906048e-01
6.044845197919989005e+04 2.132358369314049540e+01 1.115968132772355403e+00
6.044945197919989005e+04 2.100932560848188047e+01 5.839463184538030704e-01
6.044946601849980652e+04 2.163538297215852424e+01 1.055031425862840599e+00
6.045044802080001682e+04 2.142606861799437468e+01 1.050475446972325422e+00
6.045046307870000601e+04 2.114454953210710997e+01 7.738624757860652625e-01
6.045144952550018206e+04 2.054813663520896938e+01 5.803923399309174336e-01
6.045146325229993090e+04 2.151858807390906847e+01 9.225792242528906284e-01
6.045245215279981494e+04 2.108433693451769386e+01 1.075148063297028500e+00
6.045246351849986240e+04 2.187197284818580201e+01 1.705697222630814025e+00
6.045645418980019167e+04 2.174963653140699904e+01 1.111270117142921121e+00
6.045646415509982035e+04 2.106559279159352016e+01 8.828353067888059513e-01
6.045740484949992970e+04 2.080051738296329233e+01 6.413587785617751447e-01
6.045743021989986300e+04 2.171986384579948748e+01 1.261511628377151251e+00
6.045844956019986421e+04 2.131058888419409669e+01 8.070384635489801228e-01
6.045942513890005648e+04 2.171696739518644748e+01 1.221857725983851672e+00
6.046043099540006369e+04 2.131402046475160006e+01 8.343568663322141754e-01
6.046044851850019768e+04 2.122827647095260417e+01 6.401716534294161765e-01
6.046143243059981614e+04 2.158218845806213437e+01 8.342712395615365928e-01
6.046144680560007691e+04 2.150920732747019670e+01 8.528595674566039619e-01
6.046245230320002884e+04 2.122944883305858710e+01 6.040570636416974226e-01
6.046345253469981253e+04 2.128878964065250301e+01 6.887784643309913246e-01
6.046347651620022953e+04 2.104963038833254529e+01 5.501171502741155628e-01
6.046445138890016824e+04 2.126482715907292231e+01 5.787562710591503956e-01
6.046842982639977708e+04 2.130783559918879178e+01 6.702617367852357066e-01
6.046942818289995193e+04 2.149064107477102326e+01 8.624747300972200881e-01
6.046944908560020849e+04 2.181033729412918731e+01 1.156196227032887824e+00
6.047042458330001682e+04 2.109992916771472693e+01 5.759955931802154261e-01
6.047044221059978008e+04 2.137629792504054294e+01 7.299324540849626564e-01
6.047140671300003305e+04 2.119171843469267102e+01 6.504556828561314230e-01
6.047142837959993631e+04 2.136776957573001923e+01 8.161275569134076591e-01
6.047242236110009253e+04 2.120844911556334722e+01 5.439077408221872911e-01
6.047245721059991047e+04 2.144375669353075153e+01 8.183953408290014497e-01
6.047343370370008051e+04 2.141675011889031666e+01 7.449774947679288495e-01
6.047345548610016704e+04 2.159226024089155871e+01 9.605522616722319551e-01
6.047443468749988824e+04 2.115553698293516049e+01 6.315798214157850587e-01
6.047444591439981014e+04 2.124223548394112271e+01 5.957553967911758397e-01
6.047544392360001802e+04 2.167392456088527553e+01 8.954618759951105122e-01
6.047641437500016764e+04 2.106912194460467092e+01 4.643429235658861898e-01
6.047643306710012257e+04 2.095936392990208930e+01 4.560628991699710033e-01
6.047742543980013579e+04 2.160607193360412026e+01 7.204136553644069352e-01
6.047945560189988464e+04 2.101275844482627164e+01 4.925626781087913408e-01
6.048042738430015743e+04 2.151381252821663992e+01 8.915289025323407390e-01
6.048144752309983596e+04 2.134090605204988478e+01 7.435224137733794647e-01
6.048243263889988884e+04 2.082395096034582949e+01 5.592097540138324385e-01
6.048443398150010034e+04 2.137577777634840004e+01 1.006285265995667588e+00
6.048542561340006068e+04 2.202461776573216312e+01 1.751638872750397535e+00
6.048544137729983777e+04 2.123876297129037383e+01 8.572678861067987155e-01
6.048645624999981374e+04 2.102293550842749426e+01 6.312980583417973079e-01
6.048842821760009974e+04 2.098295287083580263e+01 6.405777238830221432e-01
6.048844042820017785e+04 2.169124813878864799e+01 9.663010793849282631e-01
6.048943342590006068e+04 2.082838955517724244e+01 6.267812392483084194e-01
6.048944163190014660e+04 2.180841189341191466e+01 1.190189724330476873e+00
6.049044837959995493e+04 2.143928174039861290e+01 7.730508201433872184e-01
6.049143070599995553e+04 2.121311371824139513e+01 5.919962058880238187e-01
6.049145403939997777e+04 2.140067426534696438e+01 6.941326092633898215e-01
6.049440422450006008e+04 2.118218966352166888e+01 6.007871137880756995e-01
6.049442491899989545e+04 2.102599858239440778e+01 5.206111184765552791e-01
6.049945089119998738e+04 2.143304498878318398e+01 7.663248200824019918e-01
6.050042791670002043e+04 2.149490757141366970e+01 7.957823438884645828e-01
6.050045188659988344e+04 2.138617785577881136e+01 7.755194782972102407e-01
6.050140601850021631e+04 2.148667974007933879e+01 8.224667091887478687e-01
6.050145053240004927e+04 2.144178310784916164e+01 7.392945622456237320e-01
6.050240938659990206e+04 2.124026809798387561e+01 7.212352439230801382e-01
6.050336943290010095e+04 2.124003867974091264e+01 1.186700697769595969e+00
6.050342375000007451e+04 2.196568936203766498e+01 1.660577676539160663e+00
6.050442913189996034e+04 2.128089230208419735e+01 5.874727512348896230e-01
6.050536770829977468e+04 2.209928972157689486e+01 1.474034336600025030e+00
6.050542523150006309e+04 2.164829108529563584e+01 9.226028142018833922e-01
6.050744190970016643e+04 2.197836276471401007e+01 1.437226171269676778e+00
6.050942809029994532e+04 2.129299636074827973e+01 8.284760245194578987e-01
6.051044249999988824e+04 2.179394740902923644e+01 1.050593948831946678e+00
6.051339173609996215e+04 2.206629263763224458e+01 2.211806806152370797e+00
6.051445707179978490e+04 2.161306777965629777e+01 1.257905817022710204e+00
6.051534195599984378e+04 2.304089127002633930e+01 6.485649908774622219e+00
6.051645783559978008e+04 2.079919440975746170e+01 5.767916565813009377e-01
6.051940865739993751e+04 2.130417016555431076e+01 6.005654178514239216e-01
6.051944593749986961e+04 2.186978810500185588e+01 1.204369828933583131e+00
6.052032596059981734e+04 2.143436038257537746e+01 8.699340550612478795e-01
6.052131888889987022e+04 2.148338260159835045e+01 8.099045980882860762e-01
6.052134869210002944e+04 2.154102658764993805e+01 8.814987187039389216e-01
6.052434881940018386e+04 2.101939233066384105e+01 4.259284783129984042e-01
6.052436006940016523e+04 2.113886962235513423e+01 6.198457814067086513e-01
6.052532178239990026e+04 2.141219744922862844e+01 8.760587596042644920e-01
6.052636193289980292e+04 2.216108766324485657e+01 1.509816505965525302e+00
6.052642607640009373e+04 2.142465518983456008e+01 6.725267312341837167e-01
6.052732237270008773e+04 2.244377211694587615e+01 2.124530630343085313e+00
6.052832909720018506e+04 2.218668297981550097e+01 2.898441082543807834e+00
6.053036925930017605e+04 2.121744239814217892e+01 6.873187535008823401e-01
6.053039028939977288e+04 2.196428638166569058e+01 1.359530694495358016e+00
6.053134539349982515e+04 2.158956214359178460e+01 7.247612756380071852e-01
6.053230733799980953e+04 2.149032773477026126e+01 6.365136744342460018e-01
6.053327931710006669e+04 2.130721294869599092e+01 5.858612657210144903e-01
6.053429211809998378e+04 2.136022734987951921e+01 5.978036082731978951e-01
6.053532723380019888e+04 2.136782686098992201e+01 8.638086197869776495e-01
6.053534886569995433e+04 2.130803966237558100e+01 6.062320606541280466e-01
6.053630541669996455e+04 2.132931453510386177e+01 6.697085050901784298e-01
6.053736594909988344e+04 2.096781320369175106e+01 4.457311509008397010e-01
6.053741710649989545e+04 2.125352221957633247e+01 7.026873162746172241e-01
6.053836618060013279e+04 2.122754820032748313e+01 6.739502007203673761e-01
6.053943370370008051e+04 2.142601984365150258e+01 7.852289170505400984e-01
6.053945054400013760e+04 2.162979329856022304e+01 9.010393439632169432e-01
6.054036078700004146e+04 2.155488177740813427e+01 1.224604696016903249e+00
6.054329959490010515e+04 2.151736507429975021e+01 1.370861243963354292e+00
6.054333026620000601e+04 2.132924858755150410e+01 1.061584700349942567e+00
6.054437335650017485e+04 2.176060101286962123e+01 1.527576397002345043e+00
6.054522141199978068e+04 2.224516337312574876e+01 2.131779176348057359e+00
6.054532731480011716e+04 2.109059836404886568e+01 6.063302433692674409e-01
6.054735239579994231e+04 2.187365820377370795e+01 1.224254584789238764e+00
6.054826664349995553e+04 2.140699744512335911e+01 7.453239327030756201e-01
6.054828865739982575e+04 2.119070717740174814e+01 5.461559937173097179e-01
6.054930516200000420e+04 2.161262255397316778e+01 8.088464267776669381e-01
6.055029799770005047e+04 2.114432523069444159e+01 5.452209966956090836e-01
6.055032405090006068e+04 2.170569572356362187e+01 1.128510307717099037e+00
6.055133128469996154e+04 2.111247863876847575e+01 4.978143823936612145e-01
6.055229957180004567e+04 2.119250364819656340e+01 5.104706310892443977e-01
6.055232098380010575e+04 2.098079715889388552e+01 4.294070614439706168e-01
6.055336145830014721e+04 2.136754046994078138e+01 7.390957673669761308e-01
6.055727913190005347e+04 2.111050714585444155e+01 5.040332999229639732e-01
6.055736839119996876e+04 2.139277991766682163e+01 7.418989050008740760e-01
6.055828611110011116e+04 2.141678633977239699e+01 7.772375134892619553e-01
6.055928346059983596e+04 2.138762794806482503e+01 6.398286963105089820e-01
6.055934329860005528e+04 2.120885378175296410e+01 5.855115631967471312e-01
6.056132642359985039e+04 2.159073618903237346e+01 1.181096626718139309e+00
6.056134200230007991e+04 2.135745861601635198e+01 7.863247174575156428e-01
6.056224199069989845e+04 2.155682560857439611e+01 1.022257596022174475e+00
6.056328456019982696e+04 2.415125851082004615e+01 2.731740852976346190e+01
6.056530472220014781e+04 2.167820270519803927e+01 1.008834641575409918e+00
6.056532444440014660e+04 2.110164638067002940e+01 4.740019532160525961e-01
6.056634792819991708e+04 2.090917345483383372e+01 5.336805731899124661e-01
6.056827811340009794e+04 2.137135094591915419e+01 1.126941648441255772e+00
6.056832212960021570e+04 2.109829194211681269e+01 6.783918032725030356e-01
6.056928392359986901e+04 2.089367158463721807e+01 5.833013573287086917e-01
6.057128255790006369e+04 2.070504097366313090e+01 6.665577103879816168e-01
6.057129707180010155e+04 2.152191559468710835e+01 1.342893595030561382e+00
6.057515991900023073e+04 2.151140702971203211e+01 8.748356733327545820e-01
6.057626616899995133e+04 2.145149219896028114e+01 1.047905227058773647e+00
6.057724917820002884e+04 2.175501747136689090e+01 1.004377864781746732e+00
6.057824370370013639e+04 2.137765167174581649e+01 7.376224089990891519e-01
6.057830296299979091e+04 2.103853448863195297e+01 4.965694169989251505e-01
6.057928194440016523e+04 2.185777176968283442e+01 1.331684289954724099e+00
6.058113560190005228e+04 2.202159860078384668e+01 1.129034299758756132e+00
6.058337416670005769e+04 2.168563117066010193e+01 7.857886587067055562e-01
6.059118680559983477e+04 2.135067389097205393e+01 8.246412224216121967e-01
6.059120060189999640e+04 2.147906440460966593e+01 6.149843605971431204e-01
6.059222226849989966e+04 2.135238515112612845e+01 6.501540185175703757e-01
6.059324437499977648e+04 2.193454965780294330e+01 1.256447890055882866e+00
6.059330675930017605e+04 2.152966640671368737e+01 9.423695190622131124e-01
6.059423785880021751e+04 2.220897841732549693e+01 1.988016188085364400e+00
6.059523497689981014e+04 2.170411240558252430e+01 1.315804989506454747e+00
6.059721603009989485e+04 2.174226461366979635e+01 1.353364059701489097e+00
6.059815349540021271e+04 2.150657439263157045e+01 1.442061679070111291e+00
6.059823706019995734e+04 2.161094738458121256e+01 1.474484378237861382e+00
6.060028703700006008e+04 2.131691158456879975e+01 1.551267565077961708e+00
6.060226247690012679e+04 2.087163688173721354e+01 9.908711650687618278e-01
6.060312003469979391e+04 2.139508932035879241e+01 7.299375516024346755e-01
6.060424590280000120e+04 2.123327195103522413e+01 6.705256695484153040e-01
6.060621305559994653e+04 2.129592817333296750e+01 5.973250876963017708e-01
6.060714055560017005e+04 2.122613269460992313e+01 6.372227825448980587e-01
6.060722135420003906e+04 2.114019915484740864e+01 4.909837390701232152e-01
6.060824436340015382e+04 2.176048004314523965e+01 1.075692285079742350e+00
6.060917986109992489e+04 2.143687334744761230e+01 8.102407613865524327e-01
6.060924012729991227e+04 2.136380256853985316e+01 8.340118155555544810e-01
6.061436841440014541e+04 2.131721529833956197e+01 8.303804811010527809e-01
6.062019761569984257e+04 2.132006204186957277e+01 8.018006048523950158e-01
6.062209616900002584e+04 2.163684252217922577e+01 1.071859917319083255e+00
6.062719810190005228e+04 2.078421963074569589e+01 5.791960915603707738e-01
6.062919615740003064e+04 2.058262178394981845e+01 6.349541174907249452e-01
6.063417934030015022e+04 2.155242618474570904e+01 8.217558090550312055e-01
6.063511486109998077e+04 2.117187203208093393e+01 5.514734350831222986e-01
6.063512915509985760e+04 2.236788557823475543e+01 1.933171514623310383e+00
6.063920302079990506e+04 2.187125695784830270e+01 1.256066471723787048e+00
